Monitor running at 60
block

bl_i =

     1

series

sr_i =

     1


ans =

            8613.001182884


ans =

            8613.587483671


ans =

            8614.176074644


ans =

            8614.754158194


ans =

            8615.340882879


ans =

            8615.926219175


ans =

             8616.47922874


ans =

            8617.032833825


ans =

            8617.617326731


ans =

            8618.165723946


ans =

            8618.738881266


ans =

            8619.324159123


ans =

            8619.892274781


ans =

            8620.474697612


ans =

            8621.025538746


ans =

            8621.597798633


ans =

            8622.180219043


ans =

            8622.729963956


ans =

            8623.298119232


ans =

            8623.871489735


ans =

            8624.453499823


ans =

            8625.023621452


ans =

            8625.593499126


ans =

            8626.173725568


ans =

            8626.728969609


ans =

            8627.298336542


ans =

            8627.883743738


ans =

            8628.447050339


ans =

             8629.02069867


ans =

            8629.601450897


ans =

            8630.153051715


ans =

            8630.725285161


ans =

            8631.289001618


ans =

            8631.863284595


ans =

            8632.428273797


ans =

             8632.99638426


ans =

            8633.549856793


ans =

            8634.116740847


ans =

            8634.687975923


ans =

            8635.268898978


ans =

            8635.841632245


ans =

            8636.421065975


ans =

            8636.992300409


ans =

            8637.560472666


ans =

            8638.132166871


ans =

            8638.713506824


ans =

            8639.266987917


ans =

            8639.835604264


ans =

            8640.384792421


ans =

            8640.957448337


ans =

            8641.541604253


ans =

             8642.10619176


ans =

            8642.659733882


ans =

            8643.230972109


ans =

            8643.816027876


ans =

            8644.382044357


ans =

            8644.952810556


ans =

            8645.535319743


ans =

            8646.085849882


ans =

            8646.656700639


ans =

            8647.205897381


ans =

              8647.7785063


ans =

             8648.36031529


ans =

             8648.91256756


ans =

            8649.480940392


ans =

             8650.05208224


ans =

            8650.615947235


ans =

            8651.187310903


ans =

            8651.769478584


ans =

             8652.34253518


ans =

            8652.927852622


ans =

            8653.508596064


ans =

            8654.078307902


ans =

            8654.649452106


ans =

            8655.230224118


ans =

            8655.803242528


ans =

            8656.384669119


ans =

             8656.95151273


ans =

            8657.503030003


ans =

            8658.076876325


ans =

            8658.657931607


ans =

            8659.230427178


ans =

            8660.283663514


ans =

            8660.852255636


ans =

            8661.436337077


ans =

             8662.01947774


ans =

            8662.590638621


ans =

            8663.175956845


ans =

            8663.722886372


ans =

            8664.273857847


ans =

            8664.830768539


ans =

            8665.416181647


ans =

            8666.001262701


ans =

             8666.58646008


ans =

            8667.647949193


ans =

            8667.982513801


ans =

            8668.315794299


ans =

            8668.652395587


ans =

            8668.983282879


ans =

             8669.30447104


ans =

            8669.636095162


ans =

            8669.958121505


ans =

            8670.290841719


ans =

            8670.622379184


ans =

            8670.940755643


ans =

            8671.257345718

Not correct, Should be:

ans =

     2


ans =

            8672.816095454


ans =

            8673.373755088


ans =

             8673.94170498


ans =

            8674.524692109


ans =

            8675.076376226


ans =

             8675.64302587


ans =

              8676.1938988


ans =

            8676.767664052


ans =

            8677.352829536


ans =

            8677.921308833


ans =

            8678.506592438


ans =

            8679.086648376


ans =

            8679.638714734


ans =

            8680.207163264


ans =

             8680.77931124


ans =

             8681.34812008


ans =

            8681.933864121


ans =

            8682.516061379


ans =

            8683.087367771


ans =

            8683.655165267


ans =

            8684.239712101


ans =

            8684.792014604


ans =

            8685.377583001


ans =

            8685.958556366


ans =

            8686.528911361


ans =

            8687.556585255


ans =

            8687.878699202


ans =

            8688.211429304


ans =

            8688.528951761


ans =

            8688.847544477


ans =

            8689.184093742


ans =

             8689.51328363


ans =

            8689.831964286


ans =

            8690.167071562


ans =

            8690.483455517


ans =

              8690.8033449


ans =

            8691.123235231


ans =

            8691.452256711


ans =

             8691.77414928

Not correct, Should be:

ans =

     1

PTB-INFO: Using modified PortAudio V19.6.0-devel, revision unknown

