Monitor running at 60
block

bl_i =

     1

series

sr_i =

     1


ans =

           94590.723660253


ans =

           94591.292532756


ans =

           94591.860814246


ans =

           94592.430118391


ans =

           94592.998334744


ans =

           94593.549977602


ans =

             94594.1186646


ans =

           94594.687059086


ans =

           94595.238590086


ans =

           94595.807105537


ans =

           94596.374734707


ans =

           94596.943005384


ans =

           94597.511595171


ans =

            94598.08106883


ans =

           94598.648446526


ans =

           94599.216784836


ans =

           94599.786199082


ans =

           94600.354475757


ans =

           94600.923022691


ans =

           94601.490512155


ans =

           94602.041361861


ans =

           94602.611561001


ans =

           94603.179970899


ans =

           94603.747814985


ans =

           94604.316630104


ans =

           94604.885049633


ans =

           94605.453595159


ans =

           94606.021974668


ans =

           94606.589683136


ans =

           94607.158869243


ans =

            94607.70936786


ans =

           94608.260710813


ans =

           94608.828608112


ans =

           94609.381495424


ans =

           94609.933437359


ans =

           94610.502381386


ans =

           94611.070951989


ans =

           94612.189273113


ans =

           94612.759473872


ans =

           94613.326993132


ans =

           94613.896292209


ans =

           94614.464729444


ans =

           94615.033183161


ans =

           94615.601609561


ans =

           94616.169798251


ans =

           94616.720963944


ans =

           94617.290094886


ans =

           94617.858176813


ans =

           94618.425969054


ans =

           94618.977939115


ans =

           94619.529533541


ans =

           94620.097551197


ans =

            94620.66691345


ans =

           94621.217710385


ans =

           94621.787311942


ans =

           94622.355726846


ans =

           94622.906846916


ans =

           94623.475838055


ans =

           94624.044037524


ans =

           94624.612701234


ans =

           94625.181116278


ans =

           94625.749640625


ans =

           94626.317941355


ans =

           94627.345505842


ans =

            94627.66572276


ans =

           94627.986298068


ans =

           94628.318839146


ans =

           94628.652533701


ans =

           94628.989430098


ans =

             94629.3221405


ans =

           94629.654933212


ans =

           94629.989176113


ans =

           94630.307964075


ans =

           94630.626520228


ans =

           94630.958742433


ans =

           94631.278120832

Correct

ans =

           94632.853521016


ans =

           94633.422165481


ans =

           94633.990760865


ans =

           94634.541681297


ans =

           94635.094068187


ans =

           94635.662878439


ans =

           94636.230826448


ans =

           94636.782161845


ans =

           94637.351563905


ans =

           94638.380054056


ans =

           94638.700839138


ans =

           94639.019039836


ans =

           94639.334547768


ans =

           94639.653378339


ans =

           94639.970971747


ans =

           94640.305499972


ans =

           94640.625542325


ans =

           94640.956864274


ans =

           94641.275233132


ans =

           94641.613824483


ans =

           94641.948390873

Correct

ans =

           94643.518161312


ans =

           94644.087747425


ans =

           94644.640413152


ans =

           94645.209238795


ans =

           94645.777900875


ans =

           94646.346244865


ans =

           94646.896637696


ans =

           94647.466154107


ans =

           94648.034517772


ans =

           94648.586735145


ans =

           94649.170824608


ans =

           94649.739493775


ans =

           94650.307683398


ans =

           94650.876867726


ans =

       